V 54
K 1
D 0 -762000 3048000 0
Y 1
U 2667000 762000 254000 0 2 3 REFDES=IC?
U 2667000 508000 254000 0 2 3 DEVICE=DS90LV028AQDQFRQ1
U 2667000 254000 254000 0 2 0 PKG_TYPE=SON50P200X200X80-8N
U 2667000 0 254000 0 2 0 Description=LVDS Driver 5-Pin SOT-23 T/R
U 2667000 -254000 254000 0 2 0 Datasheet Link=https://www.ti.com/lit/ds/symlink/ds90lv028a-q1.pdf?ts=1621932347476&ref_url=https%253A%252F%252Fwww.ti.com%252Fstore%252Fti%252Fen%252Fp%252Fproduct%252F%253Fp%253DDS90LV028AQDQFRQ1
U 2667000 -508000 254000 0 2 0 Height=0.8
U 2667000 -762000 254000 0 2 0 Mouser Part Number=595-S90LV028AQDQFRQ1
U 2667000 -1016000 254000 0 2 0 Mouser Price/Stock=https://www.mouser.co.uk/ProductDetail/Texas-Instruments/DS90LV028AQDQFRQ1?qs=BJlw7L4Cy79pzlV0%2FL5zww%3D%3D
U 2667000 -1270000 254000 0 2 0 Manufacturer_Name=Texas Instruments
U 2667000 -1524000 254000 0 2 0 Manufacturer_Part_Number=DS90LV028AQDQFRQ1
U 0 0 254000 0 1 0 FORWARD_PCB=1
l 5 508000 254000 2540000 254000 2540000 -1016000 508000 -1016000 508000 254000
|GRPHSTL -1 -1 -1 1
P 1 0 0 508000 0 0 2 0
L 584200 0 228600 0 2 0 1 0 RIN1-
A 355600 50800 203200 0 9 3 #=1
A 0 0 9 0 3 0 PINTYPE=BI
P 2 0 -254000 508000 -254000 0 2 0
L 584200 -254000 228600 0 2 0 1 0 RIN1+
A 355600 -203200 203200 0 9 3 #=2
A 0 0 9 0 3 0 PINTYPE=BI
P 3 0 -508000 508000 -508000 0 2 0
L 584200 -508000 228600 0 2 0 1 0 RIN2+
A 355600 -457200 203200 0 9 3 #=3
A 0 0 9 0 3 0 PINTYPE=BI
P 4 0 -762000 508000 -762000 0 2 0
L 584200 -762000 228600 0 2 0 1 0 RIN2-
A 355600 -711200 203200 0 9 3 #=4
A 0 0 9 0 3 0 PINTYPE=BI
P 5 3048000 0 2540000 0 0 3 0
L 2463800 0 228600 0 8 0 1 0 VCC
A 2692400 50800 203200 0 3 3 #=8
A 0 0 9 0 3 0 PINTYPE=BI
P 6 3048000 -254000 2540000 -254000 0 3 0
L 2463800 -254000 228600 0 8 0 1 0 ROUT1
A 2692400 -203200 203200 0 3 3 #=7
A 0 0 9 0 3 0 PINTYPE=BI
P 7 3048000 -508000 2540000 -508000 0 3 0
L 2463800 -508000 228600 0 8 0 1 0 ROUT2
A 2692400 -457200 203200 0 3 3 #=6
A 0 0 9 0 3 0 PINTYPE=BI
P 8 3048000 -762000 2540000 -762000 0 3 0
L 2463800 -762000 228600 0 8 0 1 0 GND
A 2692400 -711200 203200 0 3 3 #=5
A 0 0 9 0 3 0 PINTYPE=BI
E
